Graph Created!

APSP Matrices Cleared

Floyd Warshall Algorithm Implemented


Distance Matrix:
0.00	33.00	61.00	65.00	43.00	20.00	6.00	62.00	59.00	102.00	
58.00	0.00	54.00	58.00	65.00	42.00	64.00	29.00	26.00	69.00	
100.00	42.00	0.00	4.00	40.00	84.00	106.00	44.00	68.00	111.00	
102.00	44.00	98.00	0.00	109.00	86.00	108.00	73.00	70.00	113.00	
124.00	66.00	120.00	22.00	0.00	108.00	130.00	95.00	92.00	135.00	
16.00	49.00	41.00	45.00	23.00	0.00	22.00	78.00	75.00	118.00	
30.00	27.00	55.00	59.00	37.00	14.00	0.00	56.00	53.00	96.00	
89.00	31.00	85.00	63.00	41.00	73.00	95.00	0.00	57.00	100.00	
32.00	34.00	28.00	32.00	39.00	16.00	38.00	3.00	0.00	43.00	
33.00	66.00	38.00	22.00	0.00	17.00	39.00	44.00	41.00	0.00	


Predecessor Matrix:
NIL	7	6	3	6	7	1	9	2	9	
6	NIL	9	3	6	9	1	9	2	9	
6	3	NIL	3	3	9	1	3	2	9	
6	4	9	NIL	6	9	1	9	2	9	
6	4	9	5	NIL	9	1	9	2	9	
6	7	6	3	6	NIL	1	9	2	9	
6	7	6	3	6	7	NIL	9	2	9	
6	8	9	5	8	9	1	NIL	2	9	
6	8	9	3	6	9	1	9	NIL	9	
6	4	10	5	10	10	1	9	10	NIL	

APSP Matrices Cleared

Johnson's Algorithm Implemented


Distance Matrix:
0.00	33.00	61.00	65.00	43.00	20.00	6.00	62.00	59.00	102.00	
58.00	0.00	54.00	58.00	65.00	42.00	64.00	29.00	26.00	69.00	
100.00	42.00	0.00	4.00	40.00	84.00	106.00	44.00	68.00	111.00	
102.00	44.00	98.00	0.00	109.00	86.00	108.00	73.00	70.00	113.00	
124.00	66.00	120.00	22.00	0.00	108.00	130.00	95.00	92.00	135.00	
16.00	49.00	41.00	45.00	23.00	0.00	22.00	78.00	75.00	118.00	
30.00	27.00	55.00	59.00	37.00	14.00	0.00	56.00	53.00	96.00	
89.00	31.00	85.00	63.00	41.00	73.00	95.00	0.00	57.00	100.00	
32.00	34.00	28.00	32.00	39.00	16.00	38.00	3.00	0.00	43.00	
33.00	66.00	38.00	22.00	0.00	17.00	39.00	44.00	41.00	0.00	


Predecessor Matrix:
NIL	7	6	5	6	7	1	9	2	9	
6	NIL	9	3	6	9	1	9	2	9	
6	3	NIL	3	3	9	1	3	2	9	
6	4	9	NIL	6	9	1	9	2	9	
6	4	9	5	NIL	9	1	9	2	9	
6	7	6	5	6	NIL	1	9	2	9	
6	7	6	5	6	7	NIL	9	2	9	
6	8	9	5	8	9	1	NIL	2	9	
6	8	9	3	6	9	1	9	NIL	9	
6	4	10	5	10	10	1	9	10	NIL	

